Immx 1111111111. 339

1123, 1222, 1223, 1521, 1533, 1527,
1735, 2034, 2035, 2050, 2075, 2035,
2174, 2175, 2175, 2130, 2241, 2255,

2267, 2272, Int. passim.

Donationes ecelesiae Traj. saetae Int.

XII.

Exeoutores provisionis vel mandati pa-
palis 33, 74-75, 73, 32, 114, 113,122,
125, 125, 123, 135, 137, 151, 157,

153, 173, 154, 135, 130, 133, 214,
215-213, 222, 223, 231, 241, 245-
243, 257-253, 255, 275, 232, 235,

300-302, 323, 331, 333, 333, 413,
432. 433, 433, 444, 445, 450, 453,
450, 452, 454, 533, 534, 553, 537,

550, 550, 530, 531, 701, 724, 753,
730, 734, 733, 302, 307, 354, 353,
375, 377, 337, 347, 352. 357, 332,
1005, 1035, 1053, 1053, 1033, 1033,
1030, 1034, 1033, 1113, 1113, 1123,
1123, 1132, 1135, 1171, 1175, 1133-
1135, 1207, 1210, 1232, 1234, 1304,
1453, 1470, 1435, 1510, 1515, 1513,
1535,1533,1543,1555,1552,1555-
1557, 1571, 1575, 1535, 1535, 1501,
1543, 1553, 1553, 1570, 1575, 1573,
1702, 1722-1724, 1723-1732, 1735,
1745, 1751, 1752, 1757, 1750, 1752,
1753, 1753, 1753, 1303, 1304, 1312,
1315, 1323, 1340, 1343, 1353, 1355,
1355, 1374, 1332, 1303, 1311, 1312,
1323-1334, 1347, 1354-1354, 1375,
1373, 2004, 2017, 2020, 2027, 2030,
2031, 2032, 2047, 2053, 2050, 2030.
2033, 2113, 2113, 2122-2124, 2132,
2154, 2142, 2145, 2155, 2175, 2135,
2133, 2133, 2204, 2205, 2207, 2203,
2210, 2215, 2215, 2225, 2225, 2230,
2232, 2235, 2235, 2233, 2242, 2247,
2243, 2243, 2253, 2250, 2252,131. 1

et LI 330.

Exemptio ab ordinaria iurisdictione 7,
17, 35, 153, 175, 432, 434, 435,
502, 537, 543, 523, 1230, 2174, 131.
xxxvln ab observandis literis Apeit,

0333 non 1301331 expressam mentionem
174, 194, 212, 250, (174); 3 03333113
absque speciali mandato 236, 237, 447,
⁴55, 771, App. XVIII.

feuda concedendi facultas 425.

Flagellatores 1293.

Fontes Bullarii Traj. Int. II 330.

Fundatio capellae 111 hospitali 22303
hospitalis pauperum 468, 1803; 30013-
3133 collegiatae 8363 praebendarum 131,
2453 monasterii 449, 1000,1117, 1118,
1573.

Hospitalariorum ordo 111.

Indulgentiae 131, 175, 177, 187, 233,
230, 253, 303, 380, 332, 403, 407,
423, 432, 545, 530, 533, 747, 325,
1130, 1501, 1541, 1552, 1661, 1773,
1733, 1733, 1335, 1345, 1377, 1353,
1992, 1995, 2014, 2051, 2058, 3112,
2130, 2135, 2257, 2275, 1111. xlx,
XLII 3004 ipsas oonoedendi 1303113·
211, 331, 405, 405, 325, (211). ’

Interdictum v· censurae.

Investitura, certamen de Int. XI 330.

Irregularitas, facultas dispensandi de-
super 210, 305, 399,422, 985,App.rv.

,13111033 deputati 45—48‚ 78, 80, 31,
33, 30, 35, 105-103, 157, 210, 225,
230, 273, 274, 273, 230, 325, 325,
335, 345-353, 353, 353, 351, 372,-
333‚ 337, 414, 435, 453, 455, 503,
512, 523, 553, 531, 535, 533, 551,
343, 345, 355, 357, 323, 357, 371,
373, 230, 939-992,1143, 1334, 1425,
1502, 1543, 1527, 1532, 1325, 1323,
1337, 1347, 1375, 2045, 2043, 2043,
2030, 2030.-2032, 2231, 2241, 2244,
2273-2231, 2232, 1111. Lxxx.

'Judieium ferendi 3133 partium instantia

facultas 1313.

Legata piis 033313 assignata 92, 111.
Legati vel nuncii papales 15, 16, 42,
45, 43, 53, 53, 70,110, 114, 137, 144,
145, 157, 135, 133, 132, 135, 137,
44

