9999999391 §Am (ΛἿΧ 991 (99 ΑΙ
0011090904οΊ (ῙἿ ‘2111 ’111 mom-'02⁸5

ξεῖ 0011011103 ξῐῐ 0011οω09197 magnanon

’999 1111111991 (0900 (9901 (1001 (1001
(0091 (1991 (9191 (0091 (0091 (9091
(0911 (1011 (010 (910 (010 (000 (100
-900 (009 (109-009 (099 (999 (119
(019 (909 (909 (009 (001-001 (191
(990-190 (190 (990-190 (090 (990
(990 (110 (010 (010-000 (000 (100
(910 (900 (900 (000 (000 (001 (091

(091 (111 (011 (00 9919999 99991991190

’111'1 991 (9000 (1100 (0000
(1000 (1001 (0901 (0901-0901 (1901
, (1901 (0901 (9901-1901 (0901-9101
(1101-1101 (0001-0001 (1101 (0101
(9001-9001 (0001 (9001 (9991 (9991
(0991 (0191 (1191-0191 (0091 (0091
(0091 (1091 (9191-0191 (9091 (9991
(0091 (1091 (1091 (0091 (9011 (1011
(0911 (0911 (0911 (0111 (9111 (0901
(9901 (0101 (9101 (0101 (1001 (0001
(9901 (1901 (0001 (0001 (1911 (0911
(9111 (1111 (9011 (0111 (0011 (9001
(9001 (0001 (9901 (0901 (9901 (0901
(0101 (9101 (9101-0101 (1101 (0101
(0001 (1001 (1001 (0001-900 (190
(990 (900 (900 (000 (000 (000 (000
(000 (900 (900 (000 (090 (990 (090
(190 (090 (900 (000-910 (910 (110
-000 (900-000 (109 (009 (009 (099
(999 (099 (999 (999 (199 (199 (919
-019 (009 (009 (019 (919 (019 (019
(909 (909 (009 (009 (009 (909 (109
(009 (109 (009 (009 (909-109 (009
(999-099 (099 (999-099 (099-999
(099-099 (019 (919 (919 (019 (019
(019 (009 (909 (009 (109 (909 (009
(109 (909 (009 (109 (109 (909 (909
(009 (199 (099 (099 (199 (009 (119
(900 (000 (090 (910 (091 9909999999

anonumum 111110 sumomonte 01221100

’(001) (0901 (9091 (001
9191199119 11999999 ((901) (9091 (100
(901 (911 999999 919919999 (0991 (9111
(1911 9911191999 (0900 (0900 (9000 (9000

(9000 (9000 (0010 (0910 (1910 (1910-
(0010 (0010 (0010 (1900 (0900 (0900
(0001 (0001 (1101 (9001 (0991 (0991
(9191 (9091 (1091 (9991 (0191 (9091
(0991 (0991 (9991 (0091 (0091 (0911
(1911 (1011 (0111 (0111 (1011 (9101
(1011 (100 9919991Δ (0000 (0010 (0010
(9010 (9910 (0910 (0110 (9100 (0100
(9100 (0901 (9901 (0901 (0001 (9101
(0001 (0091 (0991 (1991 (0191 (9991
(0991 (1991 (9091 (1091 (9091 (1091
(0091 (9991 (9991 (9191 (1191 (0191
(0191 (9911 (0911 (9111 (0011 (9011
(0011 (0011 (0011 (0001 (0901 (9001
(0001 (0001 (0001 (9901 (0901 (0901
(0101 (0001 (9001 (9001 (9011 (0011
(0011 (9011 (0111 (0111 (9011 (0011
(1001 (000 (000 91191999999 991991999
(9100 (0000 (1000 (0001 (0091 (1991
(1091 (0991 (9091 (0091 (0991 (0991
(0191 (0001 (0911 119991919999 (9901
(0901 (9101 (0001 (0001 (09 9999999999
emsa) ((901) (1900 (1900 (0100 (9100
(9100 (0000 (9000 (0000 (0100 (9100
(9100 (1100 (0100 (0000 (0010 (1010
(0010 (9010 ι1010 (9010 (9110 (0900
(9100 (1100 (9000 (9000 (0100 (9100
(9000 (0000 (0001 (1001 (0001 (9001
(0001 (1001 (0001 (0901 (9901 (9901
(0901 (1901 (0901 (9101 (9001 (0001
(9091 (0091 (0991 (0091 (1091 (0091
(9091 (1991 (0991 (9991 (0991 (0991
(0991 (9091 (9091 (0091 (0091 (0991
(0991 (1991 (0991 (0991 (0991 (1991
(9191 (0191 (9091 (0091 (0091 (0091
(9091 (9191 (0011 (0011 (9011 (9011

,(1111 (0111 (0011 (0001 (0001 (9901

(1901 (0901 (9901 (1901 (0901 (0101
(0101 (9001 (9001 (0001 (1001 (0001
(0901 (0901 (1901 (0901 (9901 (9901
(1901 (1101 (0101 (9001 (9001 (9001
(1001 (0101 (1101 (0101 (1101 (9001
(9011 (9011 (0011 (0911 (0011 (9011
(0011 (1111 (0001 (0001 (0901 (1901
(0901 (0001 (9001 (9001 (0001 (000
(090 (990 (900 (900 (090 (990 (190;

233 (111111οΉ 1111111111

