340 Isou Rsnmr.

303, 305, 908, 910, 918, 919, 941,
954, 988, 994, 805, 819, 818, 818,
891, 598, 750, 858, 899, 1050, 1890,
1788, 1787, 1818, 1818-1891, 1898,
9044, 9059, 9945, 9971, (899), 9988,
9984, 9988, 9989, 1111. Lx naq.

Literae confessionales 396, 421, 499,
780, 785, 798, 840, 858, 988, 984,
988, 1988, 1881, 1884, 1998, 9057,
App. XVIII, Int. XLIV seq.

Lites in ouria papali 43, 167, 227,
979, 980, 598, 881, 751, 755, 758,
799, 898, 851, 881, 1187,1199,1194,
1984, 1941, 1857, 1408, 1498, 1488,
1580, 1555, 1579, 1811, 1784, 1787,
1898, 1907, 1980, 9018, 9094, 9098,
2046, 2075, 2088, 2090-2092, 2119,
9197, 9185, 9904, 9910, 9918, 9918,
9994, 9980, 9981, 9989, 9941, 9944,
Int. LXXX.

Matrimonii impedimenta, dispensatio
desuper 133, 305, 908, 248, 958,858,
359, 361, 387, 409, 436, 456, 481,
514, 516, 527, 551, 553, 559, 589,
595, 808, 809, 825, 888, 719, 795,
797, 788, 759, 798, 814, 888, 888,
841, 944, 050, 888, 1088,1108,1197,
1188, 1215, 1990, 1998-1995, 1248,
1959, 1958, 1884, 1489, 1508, 1508,
1595, 1587, 1899, 1789, 1798, 9084,
2118, 2134, 2146, App. IX, Int. XIX,
XXII seq., XLV seq.

Methodus Bullarii Traj. Praef. I seq„
Int. I seq.

Minorum de observantia fratrum ordo
480, 588, 589, 794, 787, 819, 940,
1521.

Missae celebratio, quae fieri potest
ante auroram 764, 1131, 1153, 1338,
1498, 1598, 1795, 9088, 9089, Ina
XLVII3 ab aurora usque ad nonam 923,
923, 924, Int. XLVII3 tempore inter·
dieti 31, 77, 119, 197, 410,448,478,
544, 782, 787, 948, 988, 1951, 1985,
1888, 1494, 1790, 1791, 1810, 1330,

1353, 1871, 1890, 1988, 1990, 9084,
2065, 2070, 2152, 1115. XLVII seq.
Monasteria ingrediendi dispensatio 475,

545, 778-778, 889, 887, 1488, 1495.
Mutuum contrahendi facultas 420, 437,
855, 884, Int. xm.

natalium defectus, dispensatio desuper
134, 188, 179, 802, 848, 458, 482,
471, 510, 818, 878, 787, 859, 890,
908-918, 918, 988,980-989,1008-
1080, 1090, 1101, 1114, 1184, 1177,
1188, 1904, 1907, 1989, 1331, 1449,
1578, 1880, 1785, 1811, 1878, 9098,
2131, 3137, (166), Int. LVIII seq.

Ordines S. reeipiendi dispensatio 619,
333, 958, 1048, 1185, 1849, 1878.

Paramenta benedicendi facultas 480, 48ῗ,
Int. XXXIX; episcopalia habendi 232,
Int. XXXVIII.

Patronatus jus 49, 53, 33, 130, 161,
945, 985, 988, 890, 848, 854, 950,
1118, 1123, 1555, 1625, 2080, 2165,
2282.

Permutatio beneficiorum 525, 748, 868,
870, 871, 898, 894, 917, 949, 1055,
1056, 1088, 1104, 1114, 1133, 1133,
1189, 1195-1197, 1905, 1918, 1914,
1918, 1949, 1948, 1958-1980, 1809,
1889, 1850. 1851, 1409-1404, 1418,
1491, 1497, 1449, 1444, 1471, 1479,
1478, 1487, 1508, 1598, 1598, 1599,
1589, 1587, 1549, 1544, 1558, 1559,
1581, 1581, 1809, 1807, 1895, 1888,
1638, 1650, 1660, 1666, 1674, 1637,
1891, 1704, 1747, 1789, 1788, 1797,
1802, 1806, 1803, 1857, 1880, 1887,
9045, 9194, 9188, 9149, 9150, 9151,
9158, 9181, 9188, 9189, 9951, 9958,
ipsam reeipiendi facultas 917, 942,
9951, 9958.

Pluralitas beneficiorum, dispensatio
desuper 149, 158, 153, 165, 166, 168,
170, 171, 858, 888, 879, 890, 899,
488, 481, 471, 505, 510, 519, 799,

 

