11111311 11331111. 141

749, 751, 754, 757, 778, 782, 787,
798, 820, 838, 852, 854, 861, 905,
964, 1039, 1040, 1071-1074, 1091,
1101, 1113, 1133, 1138, 1139, 1143,
1145, 1147, 1159, 1161, 1194, 1196,
1202, 1204, 1221, 1234, 1239, 1234,
1290-1292, 1297, 1298, 1303, 1307,
1313, 1344, 1350, 1357, 1330, 1331-
1363, 1366, 1368, 1372, 1402, 1426,
1427, 1443, 1449, 1437, 1500, 1510,
1517, 1529, 1535, 1537, 1533, 1543,
1554, 1535, 1573, 1535, 1597, 1314,
1630, 1666, 1668, 1737, 1748, 1749,
1753, 1785, 1809, 1811, 1879, 1884,
1333, 1910, 1944, 1943, 1947, 1934,
1973, 2021-2023, 2023, 2131, 2131,
2177, 2187, 2197, 2210, 2223, 2239,
2254, (159), 1111. LV seq.; facultas dis-
pensandi desuper 120, 882 , 1111. LVI.

Praedicatorum fratrum ordo 134, 331,
332, 430, 571, 313, 940, 1521, 2073,
Int. XLI.

Praemonstratensis ordo 129, 136,
270, 584.

Ρ1οο11131101133 111 visitatione Int. L.

Procuratores in 011113, 1111. LXXIV

seq .

Rationes dioeceseos Traj. cum vicinis
1, 4, 3, 10, 25, 40, 45,43, 43,103-
103, 110-119, 113, 147, 157, 137,
273, 274, 279, 233, 293, 303-307,
319, 323, 325, 327, 349, 352, 415,
440, 459, 507, 511-513, 879, 890,
901, 953, 2032, 2034, App. ΧΠ, in-
super v. Coloniensis provincia, conser-
vatores , executores, indulgentiae , ju-
dices ‚ subsidium pro Terra Sancta.

Reconciliatio ecclesiae violatae 152,
397, 472, 504, 557, 615, 1533, 1543,
Int. XLVIII.

Reformatio disciplinae ecclesiasticae 9,
100, 134, 150, 210, 278, 460, 1059,
2266, 2289; apud ordines Regulares

- v. S. Augustini, Begbinae‚ S. Benedicti,
Prasmonstratensis.

Regulares, quibus facultas libere sepe-
liendi 29, 272, acquirendi bona 204,
239, 267, 521 , 526, (239); transeundi
de uno ordine in alterum 3083 dispen-
sandi secum super esu carnium 469,
530, 542, 590, 837; apostatas ad re-
ditum compellendi 2034, 205ος faciendi
aliquem recipi in monachum, monialem,
conversum 807, 1083, 1128, 1823, 1843,
2132; quibus privilegium ordinis Cister-
ciensis 1079.

Reipublicae negotia 5, 27, 42-44, 47,
51, 39, 73, 74, 73, 30, 31, 39, 90,
93, 95, 104, 123,125,131-133, 195,
197, 198, 201, 203, 206, 211, 220,
221, 223, 223, 229, 254, 234, 239,
297, 345, 349, 352, 370, 515, 531,
533, 302, 304, 327, 323, 333, 339,
341, 354, 333, 339, 371, 392, 714-
713, 719-721, 725, 727, 723, 733,
739, 741, 750, 731, 734-733, 300,
845, 846, 849, 850, 883, 884, 897,
901, 933, 935, 939, 973, 979, 930,
934, 1050, 1037, 1095, 1150, 1151,
1155—1158, 1163, 1165, 1166, 1220,
1733, 1737, 1313, 1313-1321, 1334,
1335, 2077, 2113, 2157, (399), Iun
X seq.

Reservatio sedis episcopalis Traj. 385,
391, 552, 610, 974, 975, 977, 982,

” 2012,1111. XXXII; sedis episcopalis ,
exterae 1613; dignitatis 217, 445,
313, 344, 347, 700, 351, 952, 1031,
1113, 1122, 1141, 1142, 1145, 1135,
1297, 1298, 1866, 1515, 1565, 1566,
1741, 1753, 1753, 1737, 1731, 1313,
1945, 2005, 2003, 2013, 2213, 2223,
1111. LIII seq.; abbatiae 1186, 1384,
1439, 1507, 1300, 1337, 1325, 1349,
2219, 2264, 1111. XXXVI3 canonicatus
et praebendae 613, 1035, 1051, 1071,
1073, 1159, 1211, 1221, 1933, 1231,
1239, 1290, 1292, 1295, 1293, 1313,
1317, 1313, 1349, 1372, 1374, 1375,
1333, 1400, 1517,’1540, 1533, 1539,
1535, 1750, 1359, 1333, 2007, 2020,

