370 Isou Loconmt.

1749, 1753, 1758, 1763, 1780, 1783,
1802, 1859, 1862, 1883, 1898, 1902,
1905, 1931, 1934, 1944, 1946, 1971,
1972, 1983, 1999, 2008, 2011, 2022,
2025, 2133, 2143, 2188, 2216, 2217,
2233, 2247 , 2251, 2252, 2258, Int.
LI, LVIII3 scholasticus 1193, 1753,
thesaurarius 158, 368, 1859, 1862,
1883, 1983, 2223, 2224, 2234, 2247 ,
vicarii 1039, 1636, 1648, 1752, 2073,
2138, 2139, 2242.

Trajsotensis 88818818 S. Petri 60, 64,
311, praepositus 48, 49, 87, 552, 555,
1201, 1234, 1305, 1395, 1529, 1888,
Int, L1113 decanus 90, 135, 159, 756,
952, 1128, 1350, 1603, 1853, 1863,
1865, 1886, 2047, 2156, 2164, 2206,
2248 (159), Int. LIV3 capitulum 135,
263, 515, 552, 567, 752, 825, 855, 891,
1046, 1175, 1204, 1274, 1454, 1512,
1885, 1680, 1883, 1733, 1888, 1998,
1911-1914, 1925, 1932, 2046, 2048,
2080, 1111. VIII, XIX, XLII, LXXI
1888,, canonici 248, 325, 461, 532, 555,
564, 622, 653, 659, 663, 672, 684,
-697, 699, 701, 799, 851, 886, 917,
991, 992, 1000, 1078, 1122, 1159,

1218, 1234, 1289, 1292, 1350, 1351,

1410, 1474, 1537, 1542, 1561, 1569,
1659, 1679, 1712, 1730, 1806, 1838,
1879, 1888, 1894, 1911, 1941, 1961,
1964, 1993, 1997, 2000, 2010, 2019,
2020, 2026, 2059, 2126, 2165, 2184,
2227, 2235, 2249, 2254, Int. LXXVII3
scholasticus 325, 780, 917, 1474, 2279,
2280, thesaurarius 319, 325, 554, vi·
carii 705. 1427, 1685, 1733, 1882,
2122, 21511

Trajeetsusis 88818818 S. Salvatoris vel
S. Bonifatii 35, 117, 119, 310, 327,
335, 350, 354, 424, Int. XI3 praepo-
situs 48, 63, 80, 90, 378, 379, 393,
461, 515, 610, 695, 740, 845, 940,
977, 1185, 1222, 1423, 1452, 1732,
1906, 1984, 2003, 2039, 2085-2087,
2089, 2238, 1111. XX, LIII seq„ LVII,

LXII, LXXV1113 decanus 87, 89. 90,
505, 552, 614, 864, 865, 869, 940,
1140, 1142, 1152-1154, 1184, 1201,
1229, 1238, 1261, 1359, 1360, 1393,
1502, 1504, 1524, 1571, 1635, 1669,
1676, 1853, 2013, 2085-2087, 2283,
2284, Int. XLI, XLIX, LIV; capi-
tulum 190, 301, 413, 414, 552, 565,
567, 596, 702, 706, 709, 769, 787,
905, 920, 990, 991, 995, 1046, 1284,
1377, 1415, 1422, 1466, 1468, 1516,
1528, 1606, 1718, 1764, 1840, 1917,
1935, 1938, 1939, 1958, 1959, 1976,
2165, (335), 1111. VH seq., LXXI seq„
Lxxlx3 canonici 190, 511, 532, 552,
555, 565, 596, 601, 626, 638, 640,
644, 652, 657, 665, 685, 693, 706,
777, 794, 822, 852, 860, 880, 889.
929, 937, 955, 956, 989, 998, 1002,
1038, 1039, 1047, 1052, 1058, 1068,
1096, 1097, 1102, 1122, 1144, 1160,
1161. 1179, 1218, 1227,1244, 1261,
1290, 1292, 1296, 1304, 1348, 1362,
1411, 1447, 1470, 1535, 1540, 1561,
1672, 1691, 1706. 1708, 1713, 1723,
1743, 1804, 1809, 1840, 1888, 1899,
1903. 1904, 1906, 1930, 1947, 1949,
1950, 1954, 1973, 2021, 2028, 2144,
2248, 2256, Int. LXXVII3 scholasticus-
461, 865, 1467, 1804, Int. LIV; the-
saurarius 1061, 1094, 1618, 1772, 1888,
2247, 2292, vicarii 1034, 1134, 1291,
1302, 1315, 1403, 1404, 1438, 1484,
1887, 2262, 58881181811413, 1872, 2190,
Int. LIII.

Trajeeteusis 88818818 parochialis S. Gen·

trudis 1536,1703,8. 3888511148, 1149,
2021, 1). Marias Civilis 1147, 1351,
1398, 1535, 2121, 2178, 2206, S. Ni-
88181 315, 1244, 1500, 1558, 1561, Int.
LXII 3 quattuor insimul 263.

Trajeotsnsis monasterii fr. Minorum ds

observantia 88818818 177, 211 , 358, 359,
387, Int. LXIV3 conventus fr. Prae--
dicatorum 88818818 211, 342, 358, 359,
376, 387, 389, Int. LXIV, LXVI; 8..

 

 

