368

232, 234, 238, 252, 263, 271, 272,
276, 278, 282, 285, 293, 298, 299,
318, 320, 333, 336, 342, 343, 348,
349, 351, 354, 376, 381, 385, 388,
389, 391-406, 408, 413, 416-425,
427, 428, 430-432, 437-440, 444-
447, 452, 458, 460-465, 472, 483,
496, 503, 504, 507, 513, 515, 517-
519, 523, 528-530, 532, 540, 547,
548, 552-559, 569-571, 574, 582,
588, 597, 608-611, 615-619, 623,
624, 628, 630, 633, 636, 637, 639,
641, 668, 669, 679, 680, 683, 700,
705, 706, 714-716, 737, 740, 741,
747, 791, 793, 806, 830, 838, 843,
846, 856, 857, 859, 861, 863, 867,
879, 881-884, 899, 901, 902, 906-
916, 918, 928, 936, 938, 941, 944,
947-950, 953, 959-962, 965, 971,
977-979,982,1028-1030,1046,1051,
1059-1067, 1085, 1088, 1103, 1105,
1106, 1113, 1127, 1145, 1150, 1151,
1157, 1163, 1164, 1165, 1169, 1176,
1183, 1186, 1194, 1215, 1222, 1224,
1225, 1248, 1253, 1278, 1285, 1304,
1417, 1458, 1477, 1489, 1503, 1504,
1509, 1520, 1525, 1548, 1550, 1565,
1687, 1600, 1614, 1615-1618, 1627,
1628, 1632, 1637, 1638, 1692, 1728,
1731, 1737, 1739, 1742, 1743, 1746,
1753, 1756, 1767, 1774, 1778, 1779,
1796, 1802, 1803, 1825, 1832, 1837,
1847, 1866, 1874, 1909, 1996, 2012,
2013, 2032, 2049, 2053, 2075, 2115,
2122, 2124, 2132, 2134, 2176, 2185,
2200-2203, 2219, 2226, 2231, 2241,
2260, 2264, (32), (122), 2282, (753),
(899), (978) App. I—V, VII, VIII,
X, XII, XIII, XV—XVIII, Int. pas-
sim3 episcopi officialis 1223, 2292, Int.
LXXIX3 vicarius generalis 1223, 1627,
1802, 1825, Int. LXIII.

Trajeetensis ecelesia Major vel 8. Mar·
tini 309, 376, 403, 429, 2291, Int. XI,
XLIII3 praepositus vel archidiaconus
14, 40, 49, 80, 87, 167, 181, 186,

Iunnx Loconmt.

315, 356, 362, 381, 385, 388-391,
440, 461, 473, 515, 552, 634, 705,
950, 952, 1006-1017, 1078, 1116,
1210, 1425, 1451, 1512, 1722, 1769,
1871, 1889, 1922, 1962, 1965, 1994,
2010, 2013, 2052, 2093, 2111, 2115,
2165, 2241, 2243, Int. XVIII, XXXI,
XL seq„ XLVIII seq„ LIII, LXI,
LXIX seq„ LXXVII ιαμ archidiaconi
officialis 950, 1223, 1555; decanus 14,
21, 46, 63, 124, 148, 167, 183, 326,
522, 532, 533, 552, 579, 803, 870,
973, 1018-1027, 1036, 1063, 1094,
1192, 1297, 1298, 1513, 1515, 1521,
1555, 1623, 1648, 1707, 1722, 1732,
1736, 1765, 1768, 1826, 1843, 1865,
2154, 2194, Int. XVIII, LIV, LVI3
capitulum 14, 21, 167, 174, 250, 251,
279, 385, 418, 426, 534, 610, 647,
700, 704, 711, 730, 731, 778, 826,
844, 947, 974, 989-992, 995, 1082,
1113, 1115, 1190, 1192, 1230, 1273,
1278, 1358, 1368, 1371, 1401, 1408,
1417, 1461, 1505, 1632, 1644, 1655,
1745, 1754, 1772, 1774, 1779, 1812,
1858, 1963, 2012, 2090-2092, 2226;
officialis 369, 947 , 950, 989, 1535,
1659, 1729, 1746, 1757, 1769, 1934,
1960, 1961, 2020, 2027, 2113, 2123,
2124, 2142, 2174, 2198, 2210, 2215,
2249, (174), (977), 2292, Int. VII seq„
XXXII, LI, LVII, LXXI, LXXIX3
canonici 46, 90, 126, 135, 249, 379,
385, 391, 392, 434, 518, 519, 525,
552, 555, 562, 580, 585, 587, 594,
621, 645, 647, 649, 651, 660, 662,
664, 679, 682, 691, 700, 702, 708,
717, 718, 729, 740, 742, 743, 746,
748, 749, 757, 769, 777, 780, 783,
787, 789, 790, 798, 801, 802, 805,
811, 815, 817, 819, 820, 822. 866-
868, 873, 874, 876, 885, 888, 893,
896, 930, 935, 937, 942, 947, 952,
964, 977, 996, 997, 1005, 1031, 1032,
1034, 1035, 1040-1045, 1049, 1051,
1081, 1084-1086, 1089, 1100, 1104,

