338 Isou 11811011.

1 181, 1111. XVIII3 11 324, 329, 330,
337, 338, 339, 344, 1111 XLI, LXV,
LXV113 Viennense 483, 508, 520, 524,
940, 1111. LXVII.

Concubinarii clerici 151, 210, 302, 305,
423, 462, 510, 678, 859, 890, 907,
908, 910-916, 918, 936, 960-962,
1007-1015, 1019-1026, 1028, 1029,
1094, 1101, 1183, 1207, 2131, 2187.

Confirmatio beneficii ecclesiastici antea
jam collati vel reservati 181, 182, 183,
1240, 1241, 1331, 1333, 1395, 1410,
1413, 1506‚1564‚ 1565, 1582, 1585,
1638, 1701-1705, 1780, 1784, 1785,
1822, 1824, 1862, 1893, 1894, 1980,
1996, 1997, 1999, 2002, 2008, 2010,
2011, 2025, 2028, 2093, 2094, 2113,
2120, 2121, 2122, 2124, 2126, 2133,
2140, 2141, 2143, 2144, 2155, 2164,
2195, 2198, 2222, 2224, 2234, 2242,
2248, 2252, 2256, 2258, 2259.

Confirmatio bonorum et jurum 2, 7, 12,
17-23, 26, 28, 30-39, 52-56, 60,
63-67, 73, 74, 77, 78, 82, 83, 102,
104, 117, 119, 124, 130, 132, 133,
141, 160, 162, 163, 176, 202 215,
220, 221, 224, 225, 234, 242, 255,
262—265, 269, 276, 277, 282, 285-
287, 310, 311, 314, 315, 317, 320,
334, 343, 354, 412, 442, 452, 467,
491, 492, 494, 495, 502, 506, 515,
537, 549, 576, 588, 629, 770, 919,
1168, 1199, 1200, 1280, 1502, 1637,
2125, 2269, 2270, (32), 2274, 2276,
2277, 2282, 1111. XIX, LXXI seq.; im-
perialis decreti vel privilegii 21, 2200,
2201, 2202, 22033 sententiae judicialis
167, 950

Consecratio episcopalis, qnae ab alio
quam metropolita antistite potest recipi
147, 619.

Conservatores 25, 68, 95, 103, 121,
140, 186, 213, 221, 235, 236, 238,
243, 251, 256, 261, 269, 271, 281,
288, 293, 295, 327, 328, 335, 341,
363, 373, 424, 426, 449, 451-454,

457, 463, 466, 473, 477, 479, 493,
501, 503, 517, 522, 523, 539, 550,
554, 565, 569, 570, 571, 574, 575,,
577, 578, 579, 586, 592, 593, 607,
592, 593, 607, 624, 634, 713, 726,
756, 813, 853, 872, 892, 939, 940,
948, 949, 954, 973, 1004,1064,“1176,.
1201, 1387, 1393, 1423, 1504, 1505,
1512-1514, 1520, 1521, 1524, 1528,
1550, 1577, 1603, 1618, 1623, 1635,
1644, 1663, 1669, 1686, 1765, 1772,
1776, 1798-1801, 1814, 1827, 1832,
1858, 1876. 1891, 1994, 2033, 2038,
2053, 2085, 2086, 2148, 2153, 2154,
2194, 2196, 2199, 2243, 2267, 2273,
(335) 2291 , 1111. 1 seq„ LXX seq.

crucesignati 11, 17, 58, 59, 62, 71,
73, 75, 76, 78, 80, 84, 86, 88-90,
94-96, 99, 112, 113,115,118, 142,
143, 178-180, 192, 195, 199, 206,
207, 209, 216, 230, 253, 298, 299,
303-307, 316, 321, 337, 338, 344,
364, 375, 383, 467, 468.

Crucis praedicatio 58, 59, 93, 94,
105, 110-112, 115, 118, 197, 207,
211, 284, 298, 329, 331, 482, (21]),
1111. XVIII, LXIII seq.

Debita ab episcopis Traj. contracta 45,
48, 146, 393, 420, 432, 436, 438,
439, 440, 444, 446, 458, 464, 503,
680, 856, 883, 884.

Decimae tribuendae ecclesiae vel mo·
nasterio 31, 37, 52, 66, 67, 160,161,
202, 234, 238, 279, 336, 348, 351,
515, 2048, 2088, 2278, 2279, 2280,
2292; principi vel personae saeculari
191, 223, 240, 245, 264, 415, 515,
791, (240), Int. XVIII.

Depositio v. censurae.

Disciplina ecclesiastica 10, 13, 14,
21, 24, 29, 40, 41, 45, 49, 5ο,
75, 92, 97, 98, 101, 105-109, 120,
135, 151, 152, 225, 235, 941, 278,
305, 333, 359, 425, 431, 555, 530,
812, 815, 940, 971, 1105, 1172,,

